-1.931031072891e-12
3.287605941296e-02
-2.878326736391e-02
1.024199724197e-01
-4.209017008543e-02
-3.614800423384e-02
8.702365309000e-02
1.053638234735e-01
-9.243269261106e-09
-6.903073936701e-02
7.957798987627e-02
-6.541317701340e-02
5.886559840292e-03
-6.605853140354e-02
-1.877093943603e-39
-2.845952156967e-22
8.324325084686e-02
2.919506654143e-02
-3.474800288677e-02
-3.131393021457e-20
-1.348826117464e-07
1.033110022545e-01
-2.148096635938e-02
9.861777722836e-02
1.019852384925e-01
9.821988642216e-02
-8.389281902055e-06
-3.436585515738e-02
1.551159936935e-02
-3.967790305614e-02
-6.393308192492e-02
1.193531323224e-02
