1.518705744274e-06
4.877979867160e-03
2.931164344773e-03
3.463859437034e-03
4.385894164443e-03
4.850073717535e-03
2.709404798225e-03
7.520241197199e-03
1.761948078638e-05
3.503543790430e-03
3.981025889516e-03
2.416814910248e-03
6.800340488553e-03
4.385493695736e-03
1.192092895508e-07
1.504600959379e-07
3.094685729593e-03
3.334281034768e-03
4.222370684147e-03
2.270535190974e-07
1.715991857054e-05
2.397409407422e-03
2.705832710490e-03
2.261315705255e-03
5.481224972755e-03
2.703324891627e-03
5.505651279236e-05
4.076891113073e-03
3.714897902682e-03
4.503022879362e-03
4.737375304103e-03
5.682836752385e-03
