ECG CNN HARDWARE QUANTIZATION
=============================

INPUT_SCALE = 2.371500618756e-02
INPUT_ZERO_POINT = 135

[CONV1]
WEIGHT_SCALES = 8.389002643526e-03,6.244236137718e-03,6.444819737226e-03,5.403900984675e-03,5.577325355262e-03,4.025239031762e-03,3.996862098575e-03,3.833239665255e-03
BIAS_INT32 = 614,4281,-2106,3795,-2135,-2191,-3018,-4360
OUTPUT_SCALE = 1.146451160312e-01
OUTPUT_ZERO_POINT = 64

[CONV2]
WEIGHT_SCALES = 4.447298124433e-03,5.297556053847e-03,4.362175706774e-03,3.635801374912e-03,3.133042016998e-03,5.584593396634e-03,4.628523718566e-03,7.678464055061e-03,4.542742390186e-03,5.773491226137e-03,4.908533766866e-03,3.411924932152e-03,3.432214725763e-03,6.522451061755e-03,5.647546611726e-03,5.668281577528e-03
BIAS_INT32 = -2015,-1657,-1126,-1656,3052,2336,-1391,1805,1042,-711,-1404,-2216,-5429,863,2227,2315
OUTPUT_SCALE = 2.427971363068e-01
OUTPUT_ZERO_POINT = 80

[FC1]
WEIGHT_SCALES = 1.518705744274e-06,4.877979867160e-03,2.931164344773e-03,3.463859437034e-03,4.385894164443e-03,4.850073717535e-03,2.709404798225e-03,7.520241197199e-03,1.761948078638e-05,3.503543790430e-03,3.981025889516e-03,2.416814910248e-03,6.800340488553e-03,4.385493695736e-03,1.192092895508e-07,1.504600959379e-07,3.094685729593e-03,3.334281034768e-03,4.222370684147e-03,2.270535190974e-07,1.715991857054e-05,2.397409407422e-03,2.705832710490e-03,2.261315705255e-03,5.481224972755e-03,2.703324891627e-03,5.505651279236e-05,4.076891113073e-03,3.714897902682e-03,4.503022879362e-03,4.737375304103e-03,5.682836752385e-03
BIAS_INT32 = 0,284,-414,1247,-405,-314,1354,591,0,-831,843,-1141,37,-635,0,0,1134,369,-347,0,0,1817,-335,1839,785,1532,-6,-355,176,-372,-569,89
OUTPUT_SCALE = 8.165450096130e-01
OUTPUT_ZERO_POINT = 74

[FC2]
WEIGHT_SCALES = 1.060083042830e-02
BIAS_INT32 = -1110
OUTPUT_SCALE = 4.630539119244e-01
OUTPUT_ZERO_POINT = 26

