1.51870574427e-06
0.00487797986716
0.00293116434477
0.00346385943703
0.00438589416444
0.00485007371753
0.00270940479822
0.0075202411972
1.76194807864e-05
0.00350354379043
0.00398102588952
0.00241681491025
0.00680034048855
0.00438549369574
1.19209289551e-07
1.50460095938e-07
0.00309468572959
0.00333428103477
0.00422237068415
2.27053519097e-07
1.71599185705e-05
0.00239740940742
0.00270583271049
0.00226131570525
0.00548122497275
0.00270332489163
5.50565127924e-05
0.00407689111307
0.00371489790268
0.00450302287936
0.0047373753041
0.00568283675238
